sum: 4102000995.62

ABS-Energy:
2051000000.0
2051000000.0
0.097941
0.097941
0.097941
0.097941
97.941
0.097941
0.097941
0.097941
0.097941
0.097941
0.097941
0.097941
0.097941
0.234612
0.0
0.0
0.0
0.0
0.0
0.246156
0.246156
0.246156
0.246156
0.246156
0.0
0.0
0.0
0.0
0.0
0.0
0.0
0.0
0.0
0.0
0.0
0.0
0.0
0.0
7.834
7.834
0.0
0.0
0.0
0.0
0.0
0.0
0.0
0.0
0.0
0.0
0.0
0.0
0.0
0.0
0.0
0.0
0.0
0.0
0.0
0.0
0.0
0.0
0.0
0.0
0.0
0.0
0.0
0.0
0.142443
0.142443
0.142443
0.142443
0.142443
0.142443
0.142443
0.142443
0.307975
0.307975
0.307975
0.307975
0.0
0.0
0.0
0.0
0.0
0.0
0.0
0.0
0.0
0.0
0.0
0.0
0.0
0.0
0.0
0.0
0.0
0.0
0.0
0.0
0.0
0.0
0.230329
0.230329
0.230329
0.230329
0.230329
0.230329
0.230329
0.230329
0.230329
0.230329
0.230329
0.230329
0.230329
0.230329
0.167394
0.167394
0.167394
0.167394
0.167394
0.167394
0.0
0.0
0.0
0.0
0.177449
0.177449
0.177449
0.177449
0.177449
0.177449
0.177449
0.0
0.0
0.0
0.0
0.0
0.0
0.0
0.0
0.0
0.0
0.0
0.0
0.0
0.0
0.0
0.0
0.0
0.0
0.0
0.0
0.0
0.0
0.0
0.107251
0.107251
0.199793
0.199793
0.0
0.0
0.108368
0.108368
0.108368
0.108368
0.108368
0.108368
0.108368
0.108368
0.108368
0.108368
0.108368
0.108368
0.108368
0.108368
0.108368
0.108368
0.0
0.0
0.0
0.0
0.0
0.0
0.0
0.0
0.0
0.0
0.0
0.0
0.0
0.0
0.0
0.0
0.0
0.0
0.0
0.0
0.0
0.0
0.0
0.0
0.0
0.0
0.0
0.0
0.0
0.0
0.0
0.0
0.355828
0.355828
0.355828
0.355828
0.355828
0.355828
0.355828
0.355828
0.355828
0.355828
0.0
0.0
0.0
0.0
0.0
0.0
0.0
0.0
0.0
0.0
0.0
0.46699
0.46699
0.46699
0.46699
0.0
0.0
0.0
0.113023
0.113023
0.113023
0.113023
0.113023
0.0
0.0
0.0
0.0
0.0
0.0
0.0
0.0
0.0
0.0
0.0
0.0
0.0
0.0
0.0
0.0
0.0
0.0
0.0
0.0
0.0
0.0
0.0
0.0
0.0
0.0
0.0
0.0
0.0
0.0
0.0
0.0
0.0
0.0
0.0
0.0
0.0
0.223254
0.223254
0.0
0.0
0.0
0.0
0.0
0.0
0.0
0.0
0.0
0.0
0.0
0.0
0.0
0.0
0.0
0.0
0.0
0.0
0.0
0.0
0.212082
0.212082
0.212082
0.212082
0.212082
0.212082
0.212082
0.334229
0.334229
0.334229
0.334229
0.0
0.0
0.0
0.0
0.0
0.0
0.0
0.0
0.0
0.0
0.0
0.0
0.0
0.0
0.508885
0.508885
0.508885
0.508885
0.508885
0.508885
0.508885
0.178007
0.178007
0.178007
0.178007
0.178007
0.178007
0.178007
0.178007
0.178007
0.178007
0.178007
0.0
0.0
0.0
0.0
0.0
0.0
0.0
0.0
0.0
0.0
0.0
0.0
0.0
0.0
0.0
0.0
0.0
0.0
0.0
0.089376
0.089376
0.089376
0.089376
0.089376
0.089376
0.0
0.0
0.0
0.0
0.0
0.0
0.0
0.0
0.0
0.0
0.0
0.0
0.0
0.0
0.0
0.0
0.0
0.0
0.0
0.236288
0.236288
0.236288
0.236288
0.236288
0.236288
0.236288
0.236288
0.236288
0.16907
0.16907
0.16907
0.16907
0.188062
0.188062
0.188062
0.188062
0.188062
0.0
0.0
0.0
0.0
0.0
0.0
0.0
0.0
0.101851
0.101851
0.101851
0.101851
0.0
0.0
0.0
0.0
0.0
0.0
0.0
0.0
0.0
0.0
0.0
0.0
0.0
0.220461
0.220461
0.220461
0.220461
0.220461
0.220461
0.220461
0.220461
0.220461
0.220461
0.220461
0.220461
0.220461
0.220461
0.220461
0.220461
0.0
0.0
0.0
0.0
0.0
0.0
0.0
0.0
0.0
0.0
0.0
0.235729
0.235729
0.235729
0.235729
0.235729
0.235729
0.0
0.0
0.0
0.0
0.0
0.0
0.0
0.0
0.0
0.0
0.0
0.0
0.0
0.0
0.0
0.0
0.0
0.0
0.0
0.0
0.0
0.0
0.0
0.15976
0.15976
0.15976
0.15976
0.15976
0.15976
0.16907
0.16907
0.16907
0.16907
0.16907
0.0
0.0
0.0
0.0
0.0
0.0
0.198117
0.0
0.0
0.0
0.0
0.0
0.0
0.0
0.0
0.0
0.0
0.0
0.0
0.0
0.0
0.0
0.0
0.0
0.0
0.0
0.0
0.0
0.0
0.0
0.0
0.0
0.0
0.0
0.0
0.0
0.0
0.0
0.0
0.153243
0.153243
0.153243
0.153243
0.153243
0.153243
0.153243
0.153243
0.0
0.0
0.0
0.0
0.0
0.0
0.0
0.0
0.0
0.0
0.0
0.0
0.0
0.0
0.0
0.0
0.0
0.0
0.0
0.0
0.0
0.0
0.0
0.0
0.0
0.0
0.0
0.0
0.0
0.0
0.0
0.0
0.0
0.0
0.0
0.0
0.0
0.0
0.0
0.0
0.0
0.0
0.0
0.0
0.095334
0.095334
0.095334
0.095334
0.095334
0.167021
0.167021
0.167021
0.167021
0.167021
0.313933
0.313933
0.313933
0.0
0.239639
0.0
0.0
0.0
0.0
0.0
0.0
0.0
0.0
0.0
0.0
0.0
0.0
0.0
0.0
0.0
0.0
0.0
0.0
0.0
0.0
0.0
0.0
0.0
0.089376
0.0
0.0
0.0
0.0
0.0
0.0
0.0
0.0
0.0
0.0
0.0
0.0
0.0
0.183966
0.183966
0.183966
0.183966
0.183966
0.183966
0.0
0.0
0.0
0.0
0.0
0.0
0.0
0.0
0.0
0.0
0.0
0.0
0.0
0.186945
0.170745
0.170745
0.0
0.0
0.0
0.0
0.0
0.0
0.0
0.0
0.0
0.0
0.0
0.0
0.0
0.0
0.0
0.0
0.0
0.0
0.0
0.0
0.0
0.0
0.201655
0.201655
0.0
0.0
0.0
0.0
0.0
0.0
0.0
0.0
0.0
0.0
0.0
0.0
0.0
0.0
0.0
0.0
0.0
0.0
0.096452
0.0
0.0
0.0
0.0
0.0
0.0
0.0
0.181359
0.181359
0.181359
0.0
0.134436
0.134436
0.134436
0.134436
0.134436
0.134436
0.134436
0.134436
0.198303
0.198303
0.198303
0.198303
0.0
0.0
0.0
0.0
0.0
0.0
0.0
0.0
0.0
0.0
0.0
0.0
0.0
0.0
0.0
0.0
0.0
0.0
0.0
0.0
0.0
0.0
0.0
1.241
1.241
1.241
1.241
1.241
1.241
1.046
1.046
1.046
1.046
1.046
1.046
0.181731
0.181731
0.181731
0.181731
0.181731
0.181731
0.181731
0.106693
0.106693
0.106693
0.106693
0.106693
0.52676
0.52676
0.52676
0.52676
0.106879
0.106879
0.106879
0.741262
0.741262
0.741262
0.147843
0.147843
0.0
0.188434
0.188434
0.188434
0.188434
0.188434
0.188434
0.188434
0.188434
0.188434
0.188434
0.188434
0.188434
0.188434
0.188434
0.188434
0.188434
0.0
0.0
0.0
0.0
0.107065
0.107065
0.107065
0.107065
0.107065
0.107065
0.216364
0.216364
0.117865
0.117865
0.117865
0.0
0.0
0.0
0.0
0.0
0.0
0.0
1.215
1.215
0.0
0.0
0.0
0.0
0.0
0.0
0.0
0.0
0.107065
0.107065
0.0
0.0
0.210592
0.210592
0.210592
0.169256
0.0
0.0
0.0
0.0
0.0
0.0
0.0
0.0
0.0
0.0
0.0
0.0
0.0
0.0
0.0
0.0
0.0
0.0
0.0
0.0
0.0
0.0
0.0
0.0
0.0
0.0
0.0
0.0
0.0
0.0
0.0
0.0
0.0
0.0
0.0
0.0
0.0
0.0
0.0
0.0
0.0
0.0
0.0
0.0
0.0
0.0
0.0
0.0
0.0
0.0
0.0
0.0
0.0
0.0
0.0
0.0
0.0
0.211151
0.131457
0.131457
0.131457
0.131457
0.131457
0.131457
0.131457
0.131457
0.131457
0.131457
0.155849
0.183593
0.183593
0.0
0.0
0.293451
0.293451
0.293451
0.293451
0.293451
0.20482
0.20482
0.0
0.0
0.0
0.0
0.0
0.0
0.0
0.0
0.0
0.0
0.0
0.0
0.0
0.0
0.0
0.0
0.0
0.0
0.0
0.0
0.0
0.0
0.0
0.0
0.0
0.0
0.0
0.0
0.0
0.0
0.0
0.0
0.0
0.0
0.351173
0.0
0.0
0.0
0.0
0.0
0.155105
0.155105
0.155105
0.155105
0.155105
0.155105
0.0
0.0
0.0
0.0
0.0
0.0
0.0
0.0
0.0
0.0
0.208916
0.208916
0.208916
0.591744
0.591744
0.591744
0.591744
0.591744
0.591744
0.591744
0.591744
0.591744
0.591744
0.591744
0.591744
0.591744
0.591744
0.591744
0.591744
0.591744
0.591744
0.591744
0.591744
0.591744
0.591744
0.591744
0.591744
0.591744
0.591744
0.591744
0.591744
0.0
0.0
0.0
0.0
0.0
0.0
0.0
0.0
0.0
0.0
0.0
0.0
0.0
0.0
0.0
0.173911
0.173911
0.173911
0.173911
0.173911
0.093286
0.093286
0.093286
0.093286
0.093286
0.093286
0.093286
0.0
0.157525
0.157525
0.157525
0.157525
0.157525
0.157525
0.157525
0.157525
0.157525
0.157525
0.157525
0.157525
0.157525
0.0
0.0
0.0
0.0
0.0
0.0
1.284
1.284
0.0
0.0
0.0
0.0
0.0
0.0
0.0
0.0
0.882029
0.882029
0.174656
0.174656
0.174656
0.174656
0.174656
0.174656
0.174656
0.174656
0.174656
0.174656
0.174656
0.174656
0.0
0.158829
0.158829
0.158829
0.0
0.0
0.0
0.777199
0.777199
0.777199
0.317099
0.317099
0.317099
0.317099
0.317099
0.655424
0.655424
0.655424
0.655424
0.655424
0.655424
0.655424
0.655424
0.655424
0.655424
0.655424
0.655424
0.655424
0.0
0.0
0.0
0.0
0.0
0.0
0.146353
0.146353
0.178193
0.178193
0.178193
0.178193
0.178193
0.094031
0.094031
0.094031
0.094031
0.094031
0.094031
0.0
0.0
0.0
0.0
0.0
0.0
0.0
0.0
0.0
0.0
0.0
0.0
0.0
0.0
0.0
0.0
0.0
0.0
0.0
0.0
0.0
0.11172
0.11172
0.11172
0.11172
0.0
0.0
0.0
0.0
0.0
0.0
0.0
0.0
0.151381
0.151381
0.151381
0.151381
0.0
0.0
0.0
0.0
0.0
0.0
0.0
0.0
0.0
0.0
0.0
0.0
0.0
0.0
0.0
0.0
0.0
0.0
0.0
0.152312
1.074
1.074
1.074
1.074
0.096452
0.096452
0.096452
0.096452
0.096452
0.096452
0.096452
0.0
0.0
0.0
0.202586
0.202586
0.202586
0.202586
0.0
0.0
0.0
0.175773
0.175773
0.175773
0.175773
0.175773
0.100176
0.100176
0.100176
0.100176
0.100176
0.100176
0.100176
0.100176
0.100176
0.100176
0.0
0.0
0.0
0.0
0.0
0.0
0.0
0.0
0.0
0.0
0.0
0.0
0.0
0.0
0.0
0.0
0.0
0.0
0.0
0.0
0.0
0.0
0.0
0.0
0.0
0.0
0.0
0.0
0.0
0.0
0.0
0.0
0.0
0.0
0.0
0.0
0.0
0.0
0.0
0.0
0.0
0.0
0.0
0.0
0.0
0.0
0.0
0.146912
0.146912
0.146912
0.146912
0.146912
0.146912
0.0
0.0
0.0
0.0
0.0
0.0
0.0
0.0
0.0
0.0
0.0
0.0
0.0
0.0
0.0
0.0
0.0
0.0
0.0
0.0
0.0
0.0
0.0
0.0
0.0
0.0
0.0
0.0
0.0
0.0
0.0
0.0
0.0
0.0
0.0
0.0
0.0
0.0
0.0
0.0
0.0
0.0
0.0
0.0
0.0
0.090866
0.090866
0.090866
0.090866
0.0
0.0
0.0
0.23424
0.23424
0.23424
0.168139
0.168139
0.168139
0.168139
0.168139
0.168139
0.168139
0.134064
0.134064
0.134064
0.134064
0.134064
0.134064
0.134064
0.134064
0.134064
0.0
1.38
1.38
1.38
1.38
1.38
1.38
1.38
1.38
1.38
0.0
0.0
0.0
0.0
0.0
0.0
0.0
0.0
0.0
0.0
0.0
0.0
0.226233
0.0
0.0
0.0
0.0
0.121216
0.121216
0.121216
0.0
0.0
0.0
0.0
0.0
0.0
0.0
0.0
0.312071
0.312071
0.0
0.0
0.0
0.0
0.0
0.0
0.0
0.0
0.0
0.246901
0.246901
0.246901
0.246901
0.0
0.0
0.0
0.0
0.0
0.0
0.0
0.0
0.0
0.0
0.0
0.0
0.0
0.0
0.0
0.0
0.0
0.174469
0.174469
0.174469
0.174469
0.174469
0.0
0.0
0.0
0.205565
0.205565
0.205565
0.205565
0.205565
0.205565
0.205565
0.205565
0.205565
0.21022
0.21022
0.21022
0.21022
0.21022
0.21022
0.21022
0.21022
0.21022
0.21022
0.886498
0.886498
0.886498
0.886498
0.109113
0.109113
0.109113
0.109113
0.109113
0.109113
0.109113
0.109113
0.109113
0.109113
0.109113
0.109113
0.109113
0.0
0.100362
0.0
0.0
0.0
0.0
0.0
0.0
0.0
0.0
0.0
0.0
0.0
0.0
0.0
0.0
0.0
0.0
0.0
0.0
0.0
0.0
0.0
0.0
0.0
0.0
0.0
0.0
0.0
0.0
0.0
0.0
0.0
0.0
0.0
0.143002
0.143002
0.143002
0.143002
0.143002
0.143002
0.143002
0.158642
0.158642
0.0
0.0
0.0
0.0
0.197558
0.197558
0.197558
0.197558
0.197558
0.197558
0.197558
0.197558
0.197558
0.197558
0.197558
0.197558
0.908284
0.0
0.0
0.0
0.0
0.096638
0.096638
0.0
0.0
0.0
0.0
0.0
0.170001
0.170001
0.337581
0.337581
0.337581
0.337581
0.337581
0.337581
0.337581
0.337581
0.337581
0.337581
0.337581
0.337581
0.337581
0.337581
0.337581
0.337581
0.337581
0.337581
0.337581
0.337581
0.337581
0.337581
0.0
0.0
0.0
0.0
0.0
0.0
0.0
0.202772
0.202772
0.202772
0.202772
0.202772
0.0
0.0
0.0
0.0
0.0
0.0
0.0
0.0
0.0
0.115444
0.170559
0.170559
0.170559
0.0
0.0
0.0
0.0
0.0
0.0
0.0
1.248
0.0
0.102038
0.102038
0.102038
0.102038
0.102038
0.102038
0.102038
0.102038
0.102038
0.102038
0.102038
0.102038
0.0
0.0
0.0
0.0
0.0
0.0
0.0
0.0
0.0
0.0
0.204448
0.204448
0.204448
0.204448
0.0
0.0
0.295499
0.295499
0.295499
0.295499
5.607
5.607
5.607
5.607
5.607
5.607
0.181545
0.0
0.0
0.0
0.0
0.0
0.0
0.0
0.0
0.16758
0.16758
0.196069
0.0
0.0
0.0
0.0
0.0
0.0
0.0
0.0
0.0
0.177262
0.177262
0.177262
0.177262
0.177262
0.0
0.217109
0.217109
0.217109
0.217109
0.217109
0.217109
0.217109
0.217109
0.217109
0.217109
0.217109
0.217109
0.217109
0.217109
0.091983
0.091983
0.091983
0.091983
0.091983
0.091983
0.091983
0.091983
0.091983
0.091983
0.091983
0.0
0.0
0.0
0.0
0.0
0.0
0.0
0.0
0.0
0.0
0.0
0.0
0.0
0.0
0.0
0.0
0.0
0.0
0.0
0.0
0.0
0.0
0.0
0.0
0.194579
0.194579
0.194579
0.194579
0.201841
0.201841
0.201841
0.201841
0.201841
0.201841
0.201841
0.15976
0.15976
0.0
0.0
0.0
0.0
0.0
0.0
0.0
0.0
0.0
0.0
0.0
0.0
0.0
0.0
0.0
0.0
0.0
0.0
0.0
0.0
0.367931
0.367931
0.367931
0.367931
0.367931
0.367931
0.0
0.0
0.0
0.0
0.0
0.0
0.0
0.0
0.0
0.0
0.0
0.0
0.0
0.0
0.0
0.0
0.0
0.0
0.0
0.0
0.0
0.0
0.0
0.0
0.0
0.0
0.0
0.11321
0.11321
0.11321
0.11321
0.11321
0.0
0.0
0.0
0.0
0.0
0.0
0.0
0.0
0.0
0.0
0.0
0.0
0.0
0.0
0.0
0.0
0.0
0.0
0.187876
0.187876
0.0
0.0
0.0
0.0
0.0
0.0
0.0
0.0
0.0
0.0
0.0
0.0
0.0
0.0
0.0
0.0
0.0
0.0
0.0
0.0
0.0
0.0
0.0
0.0
0.0
0.0
0.0
0.0
0.0
0.0
0.0
0.0
0.0
0.0
0.0
0.0
0.0
0.0
0.0
0.0
0.0
0.0
0.0
0.0
0.0
0.0
0.0
0.0
0.226047
0.226047
0.226047
0.226047
0.177821
0.177821
0.177821
0.642762
0.642762
0.104644
0.104644
0.104644
0.104644
0.104644
0.0
0.0
0.0
0.0
0.0
0.0
0.0
0.0
0.0
0.0
0.0
0.113023
0.0
0.0
0.0
0.0
0.0
0.0
0.0
0.0
0.0
0.0
0.0
0.176331
0.0
0.0
0.0
0.0
0.0
0.0
0.0
0.0
0.0
0.0
0.0
0.0
0.0
0.0
0.0
0.0
0.0
0.0
0.0
0.0
0.0
0.0
0.0
0.0
0.0931
0.0931
0.0931
0.0931
0.0931
0.0931
0.187131
0.187131
0.187131
0.187131
0.095334
0.095334
0.095334
0.095334
0.095334
0.095334
0.095334
0.095334
0.095334
0.095334
0.0
0.0
0.0
0.0
0.0
0.0
0.0
0.0
0.0
0.0
0.0
0.0
0.0
0.0
0.0
0.0
0.0
0.0
0.0
0.0
0.0
0.0
0.0
0.0
0.0
0.0
0.0
0.0
0.113582
0.113582
0.090679
0.090679
0.0
0.0
0.0
0.116375
0.0
0.0
0.0
0.0
0.0
0.0
0.0
0.0
0.0
0.0
0.0
0.0
0.0
0.0
0.0
0.0
0.0
0.0
0.0
0.0
0.261425
0.261425
0.261425
0.0
0.0
0.0
0.0
0.0
0.0
0.0
0.104086
0.200165
0.0
0.0
0.0
0.0
0.0
0.0
0.0
0.0
0.0
0.0
0.0
0.0
0.0
0.0
0.0
0.0
0.0
0.0
0.0
0.159946
0.0
0.0
0.0
0.0
0.0
0.0
0.0
0.150263
6.497
1.049
1.049
0.279672
0.279672
0.279672
0.279672
0.279672
0.279672
0.279672
0.95502
0.95502
0.95502
0.95502
0.0
0.0
0.0
0.0
0.0
0.0
0.0
0.0
0.0
0.0
0.0
0.0
0.0
0.0
0.0
0.0
0.0
0.0
0.0
0.0
0.0
0.0
0.0
0.0
0.0
0.0
0.0
0.0
0.172794
0.172794
0.172794
0.172794
0.172794
0.0
0.0
0.0
0.0
0.0
0.0
0.0
0.0
0.0
0.0
0.0
0.194579
0.0
0.0
0.0
0.0
0.0
0.0
0.0
0.0
0.0
0.0
0.147098
0.0
0.133133
0.133133
0.133133
0.133133
0.133133
0.133133
0.167021
0.0
0.0
0.0
0.0
0.0
0.0
0.0
0.0
0.0
0.0
0.0
0.267569
0.0
0.0
0.0
0.0
0.0
0.0
0.0
0.0
0.0
0.0
0.0
0.0
0.0
0.0
0.0
0.0
0.0
0.0
0.0
0.0
0.0
0.0
0.0
0.0
0.0
0.0
0.0
0.0
0.0
0.0
0.0
0.0
0.0
0.0
0.0
0.0
0.0
0.0
0.171304
0.171304
0.171304
0.171304
0.171304
0.171304
0.171304
0.171304
0.171304
0.171304
0.171304
0.171304
0.171304
0.146167
0.146167
0.146167
0.146167
0.146167
0.146167
0.146167
0.146167
0.146167
0.146167
0.146167
0.146167
0.146167
0.146167
0.146167
0.146167
0.146167
0.146167
0.146167
0.146167
0.146167
0.146167
0.146167
0.146167
0.146167
0.146167
0.146167
0.146167
0.146167
0.146167
0.146167
0.146167
0.146167
0.0
0.0
0.0
0.0
0.0
0.0
0.0
0.0
0.0
0.096079
0.096079
0.096079
0.096079
0.096079
0.096079
0.096079
0.096079
0.096079
0.096079
0.096079
0.096079
0.096079
0.096079
0.096079
0.096079
0.096079
0.096079
0.209475
0.209475
0.209475
0.209475
0.08528
0.08528
0.08528
0.0
0.0
0.0
0.0
0.097755
0.097755
0.097755
0.097755
0.097755
0.097755
0.0
0.0
0.0
0.0
0.0
0.0
0.0
0.0
0.0
0.0
0.0
0.0
0.0
0.0
0.0
0.0
0.0
0.0
0.0
0.0
0.0
0.0
0.0
0.104458
0.104458
0.104458
0.105203
0.105203
0.105203
0.105203
0.105203
0.0
0.0
0.0
0.0
0.0
0.0
0.0
0.0
0.0
0.0
0.0
0.0
0.0
0.0
0.0
0.0
0.0
0.0
0.0
0.0
0.0
0.0
0.0
0.0
0.0
0.0
0.0
0.0
0.0
0.0
0.0
0.0
0.0
0.0
0.0
0.0
0.0
0.0
0.0
0.16218
0.16218
0.16218
0.16218
0.16218
0.16218
0.16218
0.16218
0.16218
0.16218
0.16218
0.772171
0.18471
0.0
0.0
0.0
0.0
0.0
0.0
0.0
0.0
0.0
0.0
0.0
0.0
0.0
0.833431
0.833431
0.833431
0.833431
0.161808
0.161808
0.0
0.0
0.136671
0.136671
0.136671
0.136671
0.210406
0.210406
0.0
0.0
0.0
0.0
0.0
0.0
0.0
0.189924
0.189924
0.941986
0.941986
0.941986
0.941986
0.0
0.0
0.0
0.0
0.0
0.199606
0.0
0.0
0.946268
0.946268
0.946268
0.946268
0.946268
0.946268
0.946268
0.946268
0.092169
0.092169
0.092169
0.092169
0.224185
0.224185
0.0
0.0
0.0
0.0
0.0
0.0
0.0
0.0
0.0
0.0
0.0
0.0
0.0
0.0
0.0
0.0
0.0
0.0
1.209
1.209
1.209
1.209
1.209
1.209
1.209
0.090307
0.090307
0.090307
0.090307
0.090307
0.090307
0.090307
0.090307
0.0
0.0
0.0
0.0
0.0
0.0
0.0
0.0
0.0
0.0
0.0
0.216178
0.216178
0.216178
0.216178
0.216178
0.0
0.0
0.0
0.0
0.0
0.0
0.0
0.0
0.170373
0.170373
0.170373
0.170373
0.0
0.0
0.0
0.0
0.0
0.0
0.0
0.0
0.0
0.0
0.0
0.0
0.766958
0.0
0.0
0.0
0.0
0.0
0.0
0.0
0.0
0.0
0.0
0.0
0.0
0.187503
0.187503
0.187503
0.187503
0.187503
0.187503
0.187503
0.187503
0.187503
0.0
0.0
0.0
0.840321
0.840321
0.840321
0.840321
0.840321
0.0
0.0
0.0
0.0
0.0
0.0
0.0
0.0
0.0
0.963213
0.963213
0.963213
0.963213
0.963213
0.963213
0.963213
0.963213
0.108927
0.108927
0.108927
0.108927
0.108927
0.108927
0.171863
0.146912
0.0
0.0
0.0
0.0
0.0
0.0
0.0
0.170373
0.170373
0.170373
0.170373
0.170373
0.170373
0.170373
0.170373
0.170373
0.170373
0.170373
0.170373
0.170373
0.170373
0.170373
0.170373
0.170373
0.170373
0.170373
0.170373
0.170373
0.170373
0.170373
0.170373
0.170373
0.170373
0.170373
0.170373
0.184338
0.778502
0.778502
0.778502
0.778502
0.778502
0.778502
0.778502
0.778502
0.778502
0.0
0.0
0.0
0.102224
0.102224
0.102224
0.102224
0.102224
0.0
0.0
0.0
0.0
0.0
0.0
0.0
0.0
0.0
0.0
0.0
0.0
0.0
0.0
0.0
0.0
0.0
0.0
0.0
0.0
0.0
0.0
0.0
0.0
0.0
0.0
0.127919
0.127919
0.127919
0.127919
0.127919
0.103155
0.103155
0.103155
0.103155
0.103155
0.103155
0.0
0.0
0.0
0.0
0.0
0.0
0.0
0.0
0.0
0.0
0.0
0.0
0.0
0.757462
0.757462
0.757462
0.757462
0.0
0.0
0.0
0.0
0.0
0.888733
0.888733
0.888733
0.888733
0.888733
0.888733
0.888733
0.888733
0.888733
0.888733
0.888733
0.888733
0.888733
0.888733
0.888733
0.888733
0.888733
0.888733
0.888733
0.888733
0.888733
0.888733
0.0
0.0
0.0
0.0
0.0
0.0
2.387
2.387
2.387
2.387
0.244853
0.244853
0.244853
0.244853
0.244853
0.244853
0.244853
0.244853
0.244853
0.244853
0.244853
0.0
0.0
0.0
0.0
0.0
0.0
0.44539
0.44539
0.44539
0.44539
0.0
0.0
1.153
1.153
0.0
0.0
0.0
0.0
0.0
1.011
0.0
0.0
0.0
0.0
0.0
0.0
0.0
0.0
0.0
0.0
0.0
0.0
0.0
0.0
0.0
0.0
0.0
0.0
0.0
0.0
0.0
0.0
0.0
0.0
0.0
0.0
0.0
0.0
0.0
0.0
0.0
0.0
0.0
0.0
0.0
0.0
0.0
0.0
0.0
0.0
0.0
0.0
0.0
0.0
0.0
0.0
0.153801
0.153801
0.155849
0.0
0.0
0.0
0.0
0.0
0.0
0.0
0.0
0.0
0.0
0.0
0.0
0.0
0.0
0.0
0.0
0.0
0.0
0.0
0.0
0.0
0.0
0.0
0.0
0.0
0.0
0.0
0.0
0.0
0.0
0.0
0.0
0.0
0.0
0.0
0.0
0.0
0.0
0.0
0.0
0.0
0.0
0.245598
0.245598
0.245598
0.245598
0.0
0.0
0.0
0.0
0.625632
0.625632
0.0
0.0
0.0
0.0
0.0
0.0
0.0
0.0
0.0
0.0
0.0
0.0
0.0
0.0
0.0
0.0
0.0
0.0
0.0
0.0
0.0
0.0
0.0
0.0
0.0
0.0
0.0
0.136485
0.0
0.0
0.0
0.0
0.0
0.107065
0.0
0.0
0.0
0.0
0.0
0.0
0.0
0.0
0.0
0.0
0.0
0.0
0.0
0.0
0.0
0.0
0.0
0.0
0.0
0.0
0.0
0.0
0.0
0.0
0.0
0.0
0.0
0.0
0.0
0.0
0.0
0.0
0.0
0.0
0.0
0.0
0.0
0.0
0.0
0.0
0.0
0.0
0.0
0.0
0.0
0.0
0.0
0.0
0.0
0.0
0.0
1.323
1.323
1.323
1.323
1.323
1.323
0.166463
0.166463
0.166463
0.166463
0.166463
0.166463
0.166463
0.166463
0.166463
0.166463
0.591744
0.0
0.0
0.0
0.0
0.0
0.0
0.0
0.0
0.0
0.0
0.0
0.105762
0.105762
0.105762
0.105762
0.105762
0.105762
0.0
0.0
0.0
0.0
0.0
0.0
0.0
0.0
0.0
0.0
0.0
0.0
0.0
0.0
0.0
0.0
0.0
0.0
0.0
0.0
0.0
0.0
0.0
0.184524
0.184524
0.184524
5.415
5.415
5.415
0.133133
0.133133
0.133133
0.133133
0.0
0.0
0.0
0.0
0.0
0.0
0.0
0.0
0.0
0.0
0.0
0.0
0.0
0.0
0.0
0.0
0.0
0.0
0.0
0.0
0.0
0.0
0.0
0.0
0.0
0.0
0.0
0.0
0.0
0.0
0.0
0.0
0.0
0.0
0.0
0.0
0.0
0.0
0.0
0.0
0.0
0.0
0.0
0.0
0.130154
0.0
0.0
0.0
0.0
0.0
0.0
0.0
0.0
0.0
0.0
0.089748
0.089748
0.089748
0.089748
0.089748
0.092728
0.092728
0.092728
0.0
0.0
0.0
0.204075
0.204075
0.204075
0.204075
0.204075
0.0
0.0
0.317471
0.317471
0.317471
0.317471
0.317471
0.317471
0.317471
0.0
0.0
0.0
0.0
0.0
0.0
0.0
0.0
0.0
0.0
0.0
0.0
0.0
0.0
0.0
0.0
0.0
0.0
0.0
0.0
0.0
0.0
0.0
0.0
0.0
0.0
0.0
0.0
0.0
0.0
0.0
0.0
0.13816
0.13816
0.193462
0.193462
0.0
0.0
0.0
0.0
0.0
0.0
0.0
0.0
0.0
0.0
0.0
0.0
0.0
0.113954
0.113954
0.113954
0.113954
0.113954
0.113954
0.113954
0.0
0.0
0.0
0.0
0.321567
0.0
0.0
0.0
0.088445
0.088445
0.088445
0.088445
0.088445
0.088445
0.088445
0.088445
0.0
0.0
0.0
0.0
0.0
0.0
0.0
0.0
0.0
0.0
0.201282
0.201282
0.201282
0.0
0.0
0.0
0.0
0.094031
0.094031
0.094031
0.094031
0.094031
0.094031
0.094031
0.094031
0.094031
0.094031
0.094031
0.094031
0.094031
0.094031
0.094031
0.094031
0.094031
0.094031
0.094031
0.094031
0.248577
0.248577
0.248577
0.248577
0.248577
0.248577
0.248577
0.248577
0.248577
0.248577
0.248577
0.248577
0.248577
0.248577
0.248577
0.248577
0.248577
0.248577
0.248577
0.0
0.202399
0.202399
0.0
0.0
0.0
0.0
0.0
0.0
0.0
0.0
0.0
0.0
0.0
0.0
0.601985
0.601985
0.601985
0.601985
0.0
0.0
0.118609
0.118609
0.118609
0.103155
0.103155
0.103155
0.103155
0.103155
0.103155
0.103155
0.103155
0.093845
0.093845
0.093845
0.093845
0.0
0.0
0.0
0.0
0.0
0.0
0.0
0.287493
0.287493
0.287493
0.287493
0.287493
0.287493
0.287493
0.287493
0.287493
0.100362
0.0
0.0
0.0
0.0
0.0
0.0
0.0
0.0
0.0
0.0
0.0
0.0
0.0
0.0
0.0
0.0
0.0
0.0
0.0
0.0
0.0
0.0
0.0
0.0
0.0
0.0
0.0
0.0
0.0
0.0
0.0
0.0
0.0
0.0
0.0
0.0
0.0
0.0
0.0
0.0
0.0
0.0
0.0
0.0
0.0
0.0
0.0
0.0
0.0
0.0
0.0
0.0
0.0
0.0
0.0
0.0
0.0
0.0
0.0
0.0
0.196627
0.196627
0.196627
0.196627
0.196627
0.196627
0.196627
0.196627
0.196627
0.196627
0.196627
0.196627
0.196627
0.196627
0.0
0.0
0.0
0.0
0.0
0.0
0.0
0.0
0.0
0.0
0.0
0.0
0.0
0.0
0.0
0.0
0.0
0.0
0.0
0.0
0.0
0.0
0.0
0.0
0.0
0.0
0.0
0.0
0.0
0.0
0.0
0.0
0.0
0.0
0.0
0.0
0.0
0.0
0.0
0.0
0.0
0.157711
0.157711
0.157711
0.157711
0.157711
0.157711
0.157711
0.157711
0.157711
1.021
0.0
0.0
0.0
0.161994
0.161994
0.161994
0.200537
0.200537
0.200537
0.200537
0.200537
0.184524
0.0
0.0
0.0
0.0
0.0
1.397
1.397
1.397
1.397
1.397
1.397
0.0
0.0
0.0
0.880912
1.144
1.144
1.144
1.083
1.083
1.083
1.083
1.083
1.083
1.083
1.083
0.157898
0.157898
0.157898
0.157898
0.157898
0.157898
0.157898
0.157898
0.157898
0.157898
0.157898
0.157898
0.157898
0.157898
0.157898
0.0
0.0
0.0
0.0
0.0
0.0
0.0
0.0
0.0
0.14505
0.14505
0.14505
0.14505
0.0
0.0
0.0
0.0
0.0
0.63159
0.63159
0.63159
0.63159
0.63159
0.63159
0.63159
0.63159
0.63159
0.63159
0.63159
0.63159
0.63159
0.63159
0.63159
0.63159
0.63159
0.63159
0.63159
0.63159
0.0
0.122147
0.122147
0.167208
0.0
0.0
0.0
0.0
0.0
0.0
0.0
0.215247
0.215247
0.215247
0.215247
0.215247
0.215247
0.215247
0.215247
0.215247
0.215247
0.215247
0.215247
0.0
0.0
0.0
0.0
0.0
0.0
0.0
0.0
0.0
0.0
0.0
0.0
0.0
0.0
0.0
0.0
0.0
0.0
0.0
0.0
0.0
0.0
0.0
0.0
0.0
0.0
0.0
0.0
0.0
0.443342
0.443342
0.443342
0.443342
0.443342
0.109486
0.109486
0.109486
0.109486
0.109486
0.109486
0.109486
0.109486
0.109486
0.109486
0.109486
0.109486
0.109486
0.109486
0.109486
0.109486
0.109486
0.0
0.0
0.0
0.0
0.0
0.097569
0.097569
0.0
0.0
0.0
0.0
0.0
0.0
0.0
0.280603
0.280603
0.280603
0.280603
0.280603
0.280603
0.280603
0.280603
0.0
0.0
0.0
0.0
0.0
0.0
0.0
0.189365
0.189365
0.189365
0.189365
0.189365
0.189365
0.189365
0.0
0.0
0.177449
0.177449
0.177449
0.177449
0.177449
0.177449
0.177449
0.177449
0.177449
0.177449
0.177449
0.177449
0.177449
0.177449
0.177449
0.177449
0.0
0.0
0.0
0.197744
0.197744
0.197744
0.197744
0.197744
0.197744
0.197744
0.0
0.0
0.0
0.0
0.0
0.0
0.0
0.0
0.0
0.0
0.0
0.0
0.0
0.177449
0.177449
0.177449
0.177449
0.0
0.0
0.0
0.0
0.0
0.0
0.0
0.0
0.0
0.0
0.0
0.0
0.0
0.0
0.0
0.0
0.0
0.0
0.0
0.0
0.128292
0.128292
0.128292
0.128292
0.128292
0.0
0.0
0.0
0.086024
0.086024
0.086024
0.086024
0.086024
0.086024
0.086024
0.086024
0.086024
0.086024
0.086024
0.0
0.0
0.0
0.0
0.0
0.0
0.0
0.0
0.0
0.0
0.0
0.0
0.0
0.0
0.0
0.251556
0.251556
0.251556
0.238895
0.238895
0.238895
0.238895
0.238895
0.238895
0.238895
0.238895
0.238895
0.0
0.0
0.0
0.0
0.0
0.0
0.0
0.0
0.0
0.0
0.0
0.270176
0.0
0.0
0.0
0.0
0.0
0.0
0.0
0.0
0.0
0.0
0.0
0.089004
0.089004
0.089004
0.089004
0.089004
0.089004
0.089004
0.089004
0.089004
0.089004
0.089004
0.089004
0.089004
0.089004
0.089004
0.089004
0.089004
0.089004
0.089004
0.089004
0.089004
0.089004
0.089004
0.089004
0.0
0.0
0.0
0.0
0.0
0.0
0.0
0.0
0.0
0.0
0.0
0.0
0.0
0.0
0.0
0.0
0.0
0.0
0.0
0.0
0.0
0.0
0.0
0.0
0.0
0.0
0.0
0.0
0.0
0.0
0.0
0.0
0.0
0.0
0.0
0.0
0.0
0.0
0.0
0.0
0.0
0.0
0.0
0.0
0.0
0.0
0.0
0.0
0.0
0.0
0.0
0.188062
0.188062
0.188062
0.15678
0.15678
0.15678
0.15678
0.15678
0.15678
0.0
0.0
0.0
0.0
0.0
0.0
0.0
0.0
0.0
0.0
0.0
0.0
0.0
0.0
0.0
0.0
0.0
0.0
0.0
0.0
0.0
0.0
0.0
0.0
0.0
0.0
0.180428
0.180428
0.180428
0.180428
0.180428
0.180428
0.180428
0.180428
0.180428
0.180428
0.180428
0.180428
0.180428
0.180428
0.180428
0.180428
0.180428
0.0
0.0
0.0
0.0
0.0
0.0
0.095334
0.095334
0.179683
0.179683
0.0
0.0
0.0
0.0
0.0
0.0
0.0
0.0
0.0
0.0
0.0
0.0
0.0
0.0
0.0
0.0
0.0
0.0
0.187876
0.187876
0.0
0.0
0.20091
0.20091
0.20091
0.20091
0.20091
0.20091
0.20091
0.20091
0.20091
0.20091
0.20091
0.20091
0.20091
0.20091
0.20091
0.20091
0.20091
0.253046
0.253046
0.253046
0.0
0.0
0.0
0.0
0.0
0.206496
0.206496
0.478906
0.478906
0.478906
0.478906
0.478906
0.0
0.0
0.0
0.096452
0.096452
0.096452
0.096452
0.112465
0.112465
0.207799
0.207799
0.0
0.106134
0.0
0.0
0.0
0.0
0.0
0.0
0.0
0.0
0.0
0.0
0.0
0.0
0.0
0.0
0.208172
0.208172
0.208172
0.208172
0.0
0.0
0.0
0.0
0.0
0.0
0.0
0.0
0.0
0.0
0.0
0.0
0.0
0.0
0.0
0.0
0.0
0.0
0.0
0.0
0.0
0.0
0.0
0.0
0.0
0.0
0.0
0.0
0.0
0.0
0.0
0.0
0.0
0.0
0.0
0.0
0.209289
0.209289
0.209289
0.209289
0.209289
0.209289
0.0
0.0
0.0
0.0
0.0
0.0
0.146353
0.146353
0.146353
0.146353
0.146353
0.146353
0.0
0.0
0.0
0.0
0.0
0.0
0.0
0.0
0.0
0.0
0.0
0.0
0.0
0.0
0.0
0.0
0.0
0.0
0.103527
0.103527
0.103527
0.0
0.0
0.0
0.0
0.0
0.0
0.0
0.0
0.0
0.600867
0.600867
0.600867
0.203517
0.203517
0.203517
0.203517
0.203517
0.203517
0.203517
0.203517
0.20482
0.0
0.0
0.0
0.0
0.0
0.0
0.0
0.0
0.0
0.118237
0.118237
0.118237
0.118237
0.118237
0.118237
0.118237
0.118237
0.118237
0.118237
0.20333
0.20333
0.096824
0.0
0.0
0.0
0.0
0.0
0.0
0.0
0.0
0.0
0.0
0.0
0.0
0.0
0.118796
0.118796
0.118796
0.118796
0.240198
0.240198
0.240198
0.240198
0.240198
0.240198
0.240198
0.240198
0.240198
0.240198
0.240198
0.240198
0.240198
0.240198
0.0
0.0
0.0
0.0
0.0
0.0
0.0
0.0
0.0
0.0
0.0
0.0
0.087514
0.087514
0.156967
0.156967
0.0
0.0
0.0
0.0
0.0
0.0
0.0
0.0
0.0
0.0
0.0
0.0
0.0
0.0
0.196255
0.196255
0.196255
0.196255
0.196255
0.196255
0.196255
0.196255
0.196255
0.0
0.0
0.0
0.0
0.0
0.0
0.0
0.0
0.0
0.0
0.0
0.0
0.0
0.0
0.0
0.0
0.0
0.0
0.0
0.0
0.0
0.0
0.088631
0.088631
0.088631
0.0
0.0
0.0
0.0
0.0
0.0
0.0
0.0
0.0
0.290844
0.290844
0.290844
0.290844
0.290844
0.290844
0.290844
0.290844
0.290844
0.290844
0.290844
0.0
0.0
0.0
0.096265
0.096265
0.096265
0.096265
0.096265
0.096265
0.096265
0.096265
0.096265
0.128106
0.128106
0.0
0.0
0.0
0.0
0.0
0.0
0.0
0.0
0.0
0.0
0.0
0.0
0.0
0.0
0.0
0.0
0.0
0.156222
0.0
0.0
0.0
0.0
0.0
0.0
0.0
0.0
0.0
0.0
0.079507
0.138719
0.0
0.0
0.0
0.0
0.0
0.0
0.0
0.0
0.0
0.0
0.0
0.0
0.0
0.0
0.0
0.0
0.0
0.0
0.0
0.0
0.186386
0.167208
0.167208
0.183779
0.183779
0.183779
0.102224
0.102224
0.102224
0.102224
0.102224
0.102224
0.102224
0.102224
0.102224
0.102224
0.099989
0.099989
0.099989
0.099989
0.099989
0.099989
0.099989
0.099989
0.099989
0.099989
0.099989
0.099989
0.099989
0.099989
0.099989
0.099989
0.099989
0.099989
0.099989
0.099989
0.099989
0.099989
0.099989
0.099989
0.0
0.0
0.0
0.0
0.0
0.0
0.0
0.0
0.0
0.0
0.0
0.0
0.0
0.0
0.0
0.0
0.0
0.0
0.0
0.0
0.0
0.0
0.0
0.0
0.0
0.0
0.0
0.0
0.0
0.0
0.0
0.0
0.0
0.0
0.0
0.0
0.0
0.0
0.0
0.0
0.0
0.0
0.0
0.32976
0.0
0.0
0.0
0.0
0.0
0.0
0.0
0.0
0.0
0.0
0.0
0.0
0.0
0.0
0.0
0.0
0.0
0.0
0.183593
0.171676
0.171676
0.171676
0.171676
0.171676
0.171676
0.171676
0.171676
0.0
0.0
0.0
0.0
0.0
0.0
0.0
0.0
0.0
0.0
0.0
0.0
0.0
0.0
0.0
0.0
0.0
0.0
0.0
0.0
0.32436
0.095893
0.095893
0.095893
0.095893
0.095893
0.095893
0.095893
0.095893
0.095893
0.095893
0.095893
0.095893
0.095893
0.095893
0.095893
0.0
0.0
0.155477
0.155477
0.155477
0.155477
0.155477
0.155477
0.155477
0.155477
0.155477
0.155477
0.155477
0.155477
0.12103
0.12103
0.12103
0.12103
0.0
0.0
0.094962
0.0
0.0
0.0
0.0
0.231633
0.231633
0.231633
0.231633
0.231633
0.231633
0.0
0.0
0.0
0.0
0.0
0.0
0.0
0.0
0.0
0.0
0.0
0.0
0.0
0.0
0.0
0.0
0.0
0.0
0.0
0.0
0.0
0.0
0.0
0.0
0.0
0.0
0.0
0.0
0.0
0.0
0.0
0.0
0.0
0.0
0.0
0.0
0.0
0.0
0.0
0.0
0.0
0.0
0.0
0.0
0.0
0.0
0.0
0.0
0.0
0.0
0.0
0.0
0.0
0.0
0.0
0.0
0.0
0.0
0.0
0.098127
0.098127
0.098127
0.098127
0.0
0.140022
0.140022
0.140022
0.140022
0.140022
0.140022
0.140022
0.140022
0.146539
0.146539
0.146539
0.146539
0.146539
0.146539
0.146539
0.146539
0.146539
0.146539
0.146539
0.146539
0.146539
0.146539
0.146539
0.146539
0.146539
0.146539
0.146539
0.0
0.0
0.0
0.0
0.0
0.0
0.0
0.0
0.0
0.0
0.0
0.0
0.0
0.0
0.0
0.0
0.0
0.0
0.0
0.0
0.0
0.0
0.0
0.0
0.0
0.0
0.0
0.0
0.0
0.0
0.0
0.0
0.0
0.0
0.0
0.0
0.0
0.0
0.0
0.0
0.0
0.0
0.0
0.0
0.0
0.0
0.0
0.0
0.0
0.0
0.0
0.0
0.0
0.0
0.0
0.0
0.0
0.0
0.0
0.0
0.206868
0.206868
0.206868
0.206868
0.0
0.0
0.0
0.0
0.0
0.0
0.0
0.0
0.0
0.0
0.0
0.0
0.0
0.0
0.0
0.0
0.0
0.0
0.0
0.0
0.0
0.0
0.0
0.0
0.0
0.0
0.0
0.0
0.0
0.0
0.0
0.0
0.0
0.196255
0.196255
0.196255
0.0
0.0
0.0
0.0
0.0
0.0
0.0
0.0
0.0
0.0
0.0
0.0
0.0
0.0
0.0
0.092541
0.0
0.0
0.0
0.0
0.0
0.098686
0.098686
0.098686
0.098686
0.098686
0.098686
0.098686
0.098686
0.098686
0.098686
0.098686
0.0
0.0
0.0
0.0
0.0
0.0
0.0
0.0
0.0
0.0
0.093286
0.0
0.0
0.0
0.0
0.0
0.0
0.0
0.0
0.0
0.0
0.192158
0.0
0.0
0.0
0.095521
0.270362
0.270362
0.270362
0.270362
0.270362
0.270362
0.270362
0.270362
0.0
0.0
0.190296
0.190296
0.190296
0.190296
0.190296
0.190296
0.190296
0.190296
0.190296
0.190296
0.190296
0.190296
0.190296
0.190296
0.190296
0.190296
0.190296
0.190296
0.190296
0.190296
0.190296
0.190296
0.0
0.0
0.0
0.0
0.0
0.0
0.0
0.0
0.0
0.0
0.0
0.0
0.0
0.0
0.0
0.0
0.0
0.0
0.0
0.0
0.0
0.0
0.0
0.0
0.0
0.0
0.084535
0.084535
0.084535
0.084535
0.084535
0.084535
0.084535
0.084535
0.0
0.0
0.0
0.0
0.0
0.0
0.0
0.0
0.0
0.0
0.0
0.0
0.0
0.0
0.0
0.201096
0.201096
0.201096
0.201096
0.128106
0.128106
0.128106
0.128106
0.128106
0.128106
0.128106
0.128106
0.128106
0.128106
0.0
0.0
0.0
0.0
0.0
0.0
0.0
0.0
0.0
0.0
0.0
0.0
0.0
0.0
0.0
0.0
0.0
0.0
0.0
0.0
0.0
0.0
0.0
0.0
0.0
0.0
0.0
0.0
0.0
0.0
0.0
0.0
0.0
0.0
0.0
0.0
0.0
0.0
0.0
0.0
0.0
0.0
0.0
0.0
0.0
0.0
0.0
0.0
0.0
0.0
0.0
0.221764
0.221764
0.221764
0.0
0.0
0.0
0.0
0.0
0.0
0.0
0.0
0.0
0.129595
0.129595
0.129595
0.129595
0.129595
0.129595
0.129595
0.0
0.0
0.0
0.0
0.0
0.0
0.0
0.133878
0.133878
0.133878
0.0
0.0
0.0
0.0
0.0
0.576289
0.212082
0.212082
0.212082
0.212082
0.212082
0.212082
0.193089
0.193089
0.193089
0.0
0.0
0.0
0.0
0.0
0.092169
0.092169
0.0
0.0
0.0
0.0
0.0
0.0
0.0
0.0
0.0
0.0
0.0
0.0
0.0
0.0
0.0
0.0
0.0
0.0
0.0
0.0
0.0
0.0
0.0
0.0
0.0
0.0
0.0
0.112651
0.112651
0.112651
0.112651
0.112651
0.112651
0.112651
0.112651
0.112651
0.112651
0.112651
0.112651
0.112651
0.112651
0.112651
0.112651
0.112651
0.487285
0.487285
0.487285
0.0
0.0
0.0
0.0
0.0
0.0
0.0
0.0
0.0
0.0
0.0
0.0
0.0
0.0
0.0
0.0
0.0
0.0
0.0
0.0
0.0
0.0
0.0
0.0
0.0
0.0
0.0
0.0
0.0
0.0
0.0
0.0
0.0
0.0
0.0
0.0
0.0
0.186759
0.186759
0.186759
0.186759
0.397723
0.397723
0.397723
0.397723
0.0
0.0
0.0
0.124568
0.124568
0.124568
0.124568
0.124568
0.0
0.0
0.0
0.0
0.0
0.0
0.0
0.0
0.0
0.0
0.0
0.216178
0.216178
0.216178
0.216178
0.216178
0.216178
0.216178
0.216178
0.216178
0.216178
0.216178
0.216178
0.216178
0.216178
0.216178
0.216178
0.216178
0.216178
0.216178
0.216178
0.0
0.0
0.0
0.0
0.0
0.0
0.0
0.0
0.0
0.0
0.0
0.0
0.19942
0.19942
0.19942
0.19942
0.19942
0.19942
0.19942
0.0
0.0
0.0
0.0
0.0
0.0
0.0
0.0
0.0
0.0
0.0
0.0
0.0
0.1039
0.1039
0.22493
0.171118
0.171118
0.171118
0.171118
0.171118
0.171118
0.171118
0.171118
0.171118
0.171118
0.171118
0.171118
0.087514
0.087514
0.087514
0.0
0.0
0.0
0.0
0.0
0.0
0.0
0.0
0.0
0.0
0.0
0.0
0.0
0.0
0.0
0.0
0.0
0.099058
0.099058
0.0
0.0
0.383572
0.0
0.0
0.0
0.0
0.217854
0.217854
0.135554
0.097941
0.097941
0.097941
0.107624
0.107624
0.107624
0.107624
0.0
0.0
0.0
0.0
0.0
0.0
0.0
0.0
0.0
0.0
0.0
0.0
0.0
0.0
0.0
0.0
0.0
0.0
0.0
0.0
0.0
0.0
0.0
0.0
0.0
0.291962
0.205006
0.205006
0.205006
0.205006
0.205006
0.205006
0.205006
0.205006
0.205006
0.0
0.0
0.0
0.0
0.0
0.0
0.0
0.0
0.0
0.211896
0.292148
0.292148
0.292148
0.292148
0.292148
0.292148
0.292148
0.292148
0.292148
0.292148
0.0
0.0
0.0
0.0
0.0
0.0
0.0
0.0
0.0
0.0
0.0
0.0
0.0
0.0
0.0
0.0
0.0
0.0
0.0
0.0
0.0
0.0
0.0
0.0
0.0
0.0
0.0
0.0
0.0
0.0
0.0
0.0
0.163484
0.163484
0.163484
0.163484
0.163484
0.163484
0.163484
0.163484
0.163484
0.163484
0.163484
0.0
0.0
0.0
0.0
0.0
0.0
0.0
0.207241
0.0
0.0
0.0
0.0
0.0
0.0
0.0
0.0
0.0
0.0
0.0
0.0
0.0
0.0
0.0
0.0
0.0
0.0
0.0
0.0
0.0
0.0
0.0
0.0
0.207054
0.207054
0.207054
0.207054
0.207054
0.207054
0.207054
0.207054
0.207054
0.207054
0.207054
0.207054
0.0
0.0
0.0
0.0
0.0
0.0
0.0
0.0
0.0
0.0
0.0
0.0
0.0
0.0
0.0
0.0
0.0
0.0
0.0
0.0
0.0
0.0
0.0
0.0
0.0
0.0
0.0
0.0
0.0
0.0
0.0
0.0
0.0
0.0
0.0
0.0
0.0
0.0
0.154174
0.154174
0.154174
0.154174
0.154174
0.0
0.0
0.0
0.0
0.0
0.0
0.0
0.0
0.0
0.0
0.0
0.0
0.941986
0.941986
0.941986
0.941986
0.941986
0.171118
0.171118
0.171118
0.171118
0.171118
0.171118
0.171118
0.0
0.0
0.0
0.0
0.0
0.189738
0.189738
0.189738
0.189738
0.189738
0.189738
0.189738
0.189738
0.0
0.0
0.0
0.0
0.0
0.0
0.0
0.0
0.0
0.0
0.0
0.0
0.0
0.0
0.0
0.0
0.0
0.0
0.0
0.0
0.0
0.0
0.0
0.0
0.0
0.0
0.0
0.0
0.0
0.0
0.0
0.0
0.0
0.0
0.0
0.239267
0.239267
0.239267
0.239267
0.0
0.0
0.0
0.0
0.0
0.0
0.0
0.0
0.0
0.0
0.0
0.0
0.0
0.0
0.0
0.0
0.0
0.0
0.0
0.0
0.0
0.0
0.0
0.0
0.0
0.0
0.0
0.0
0.0
0.0
0.0
0.0
0.0
0.0
0.0
0.0
0.0
0.0
0.0
0.0
0.0
0.0
0.0
0.0
0.0
0.0
0.0
0.0
0.0
0.0
0.196255
0.196255
0.196255
0.196255
0.196255
0.0
0.0
0.0
0.0
0.0
0.0
0.0
0.0
0.0
0.0
0.0
0.0
0.0
0.0
0.0
0.0
0.0
0.0
0.0
0.0
0.0
0.0
0.0
0.0
0.0
0.0
0.0
0.0
0.0
0.0
0.0
0.0
0.0
0.0
0.0
0.0
0.0
0.0
0.0
0.0
0.0
0.0
0.0
0.084535
0.084535
0.0
0.0
0.0
0.0
0.0
0.0
0.0
0.0
0.0
0.0
0.0
0.0
0.0
0.0
0.0
0.0
0.0
0.0
0.0
0.0
0.0
0.0
0.0
0.0
0.0
0.0
0.0
0.0
0.0
0.0
0.0
0.0
0.0
0.0
0.0
0.0
0.0
0.0
0.0
0.0
0.0
0.0
0.0
0.0
0.147657
0.147657
0.0
0.0
0.0
0.0
0.0
0.0
0.0
0.0
0.0
0.0
0.0
0.0
0.0
0.0
0.0
0.0
0.0
0.0
0.0
0.0
0.0
0.0
0.0
0.0
0.0
0.0
0.0
0.177076
0.177076
0.177076
0.0
0.0
0.0
0.0
0.0
0.0
0.0
0.0
0.0
0.0
0.0
0.0
0.0
0.0
0.0
0.0
0.0
0.0
0.0
0.0
0.0
0.0
0.0
0.0
0.0
0.0
0.0
0.0
0.0
0.187317
0.187317
0.187317
0.187317
0.187317
0.187317
0.0
0.0
0.0
0.0
0.087328
0.087328
0.087328
0.087328
0.087328
0.087328
0.087328
0.0
0.0
0.0
0.0
0.0
0.0
0.149332
0.149332
0.149332
0.149332
0.149332
0.149332
0.0
0.0
0.0
0.204261
0.204261
0.204261
0.204261
0.0
0.0
0.0
0.0
0.0
0.0
0.0
0.0
0.0
0.0
0.0
0.0
0.0
0.0
0.0
0.0
0.0
0.0
0.0
0.0
0.0
0.0
0.0
0.0
0.0
0.0
0.0
0.0
0.0
0.0
0.0
0.0
0.0
0.0
0.0
0.0
0.242805
0.242805
0.242805
0.242805
0.242805
0.0
0.0
0.0
0.0
0.0
0.0
0.0
0.0
0.0
0.0
0.0
0.0
0.0
0.0
0.0
0.0
0.0
0.0
0.0
0.0
0.0
0.0
0.0
0.0
0.0
0.0
0.0
0.0
0.0
0.0
0.0
0.0
0.0
0.0
0.0
0.0
0.0
0.0
0.0
0.0
0.0
0.0
0.0
0.0
0.0
0.0
0.0
0.0
0.0
0.0
0.0
0.0
0.0
0.0
0.0
0.0
0.0
0.0
0.0
0.0
0.0
0.0
0.0
0.0
0.0
0.104086
0.104086
0.104086
0.0
0.0
0.0
0.0
0.0
0.0
0.0
0.0
0.0
0.0
0.0
0.0
0.0
0.0
0.0
0.0
0.0
0.0
0.0
0.0
0.0
0.0
0.0
0.0
0.0
0.0
0.0
0.0
0.0
0.0
0.0
0.0
0.0
0.0
0.0
0.0
0.0
0.0
0.0
0.0
0.0
0.0
0.0
0.0
0.0
0.0
0.0
0.0
0.0
0.0
0.0
0.0
0.0
0.0
0.0
0.322871
0.322871
0.0
0.0
0.0
0.0
0.0
0.0
0.0
0.0
0.0
0.0
0.0
0.0
0.0
0.192903
0.192903
0.0
0.0
0.0
0.0
0.0
0.0
0.0
0.0
0.0
0.0
0.0
0.0
0.0
0.0
0.0
0.0
0.0
0.0
0.0
0.0
0.0
0.0
0.0
0.0
0.0
0.0
0.155477
0.155477
0.155477
0.094962
0.0
0.0
0.0
0.0
0.191414
0.191414
0.099058
0.249694
0.249694
0.249694
0.249694
0.249694
0.249694
0.249694
0.249694
0.249694
0.249694
0.249694
0.249694
0.249694
0.249694
0.249694
0.249694
0.249694
0.249694
0.249694
0.249694
0.249694
0.249694
0.249694
0.249694
0.249694
0.249694
0.249694
0.249694
0.249694
0.222323
0.222323
0.222323
0.0
0.0
0.0
0.161063
0.161063
0.161063
0.161063
0.161063
0.161063
0.0
0.0
0.0
0.0
0.0
0.0
0.0
0.0
0.0
0.0
0.0
0.0
0.0
0.0
0.0
0.0
0.0
0.167952
0.167952
0.118982
0.118982
0.16218
0.16218
0.16218
0.16218
0.16218
0.16218
0.16218
0.16218
0.0
0.0
0.136857
0.0
0.0
0.0
0.0
0.0
0.0
0.0
0.0
0.181917
0.085466
0.085466
0.085466
0.0
0.0
0.0
0.0
0.0
0.0
0.0
0.0
0.0
0.0
0.0
0.0
0.0
0.0
0.0
0.0
0.0
0.0
0.0
0.0
0.0
0.088445
0.088445
0.088445
0.0
0.0
0.0
0.0
0.0
0.0
0.0
0.0
0.0
0.0
0.0
0.0
0.0
0.0
0.0
0.0
0.0
0.0
0.0
0.0
0.0
0.0
0.0
0.0
0.0
0.0
0.0
0.0
0.0
0.0
0.0
0.0
0.0
0.0
0.0
0.0
0.0
0.0
0.0
0.0
0.0
0.0
0.0
0.0
0.0
0.0
0.0
0.0
0.0
0.0
0.0
0.0
0.0
0.0
0.0
0.0
0.0
0.0
0.094403
0.094403
0.39251
0.39251
0.0
0.0
0.0
0.0
0.0
0.0
0.339629
0.339629
0.339629
0.339629
0.0
0.0
0.0
0.178007
0.178007
0.178007
0.178007
0.0
0.0
0.0
0.0
0.0
0.0
0.0
0.0
0.0
0.0
0.0
0.0
0.0
0.0
0.0
0.0
0.0
0.0
0.0
0.0
0.0
0.0
0.0
0.0
0.0
0.0
0.0
0.0
0.0
0.0
0.0
0.0
0.098127
0.098127
0.098127
0.098127
0.098127
0.098127
0.098127
0.098127
0.098127
0.098127
0.098127
0.098127
0.098127
0.098127
0.0
0.0
0.0
0.0
0.0
0.0
0.0
0.0
0.0
0.0
0.0
0.0
0.0
0.0
0.0
0.0
0.0
0.0
0.0
0.0
0.0
0.0
0.0
0.0
0.0
0.0
0.0
0.0
0.0
0.0
0.0
0.0
0.0
0.0
0.0
0.0
0.0
0.0
0.084349
0.084349
0.084349
0.087142
0.087142
0.0
0.175587
0.0
0.0
0.0
0.0
0.0
0.282465
0.282465
0.282465
0.282465
0.282465
0.282465
0.282465
0.282465
0.282465
0.282465
0.282465
0.0
0.0
0.0
0.0
0.0
0.0
0.0
0.404054
0.404054
0.177262
0.177262
0.177262
0.177262
0.086583
0.086583
0.086583
0.086583
0.086583
0.086583
0.086583
0.086583
0.086583
0.0
0.0
0.0
0.0
0.0
0.0
0.0
0.0
0.0
0.0
0.0
0.0
0.0
0.0
0.0
0.0
0.0
0.0
0.0
0.0
0.0
0.0
0.0
0.0
0.0
0.0
0.0
0.0
0.0
0.0
0.0
0.0
0.0
0.0
0.18229
0.18229
0.189738
0.189738
0.189738
0.189738
0.189738
0.189738
0.189738
0.189738
0.0
0.0
0.0
0.0
0.0
0.0
0.0
0.0
0.0
0.0
0.0
0.0
0.0
0.0
0.0
0.0
0.0
0.172607
0.172607
0.172607
0.172607
0.172607
0.172607
0.172607
0.172607
0.172607
0.172607
0.172607
0.0
0.0
0.0
0.0
0.0
0.0
0.0
0.0
0.090493
0.090493
0.090493
0.090493
0.090493
0.090493
0.090493
0.090493
0.090493
0.090493
0.090493
0.090493
0.0
0.0
0.0
0.0
0.0
0.0
0.0
0.0
0.0
0.0
0.0
0.23815
0.23815
0.23815
0.23815
0.17689
0.17689
0.17689
0.17689
0.17689
0.217668
0.217668
0.217668
0.0
0.197186
0.197186
0.197186
0.197186
0.197186
0.0
0.0
0.0
0.0
0.0
0.0
0.0
0.0
0.0
0.0
0.0
0.0
0.0
0.0
0.0
0.0
0.0
0.0
0.0
0.0
0.0
0.0
0.0
0.0
0.0
0.0
0.0
0.0
0.0
0.0
0.0
0.241129
0.178193
0.178193
0.178193
0.178193
0.178193
0.178193
0.178193
0.178193
0.178193
0.178193
0.178193
0.178193
0.0
0.0
0.0
0.0
0.0
0.0
0.0
0.0
0.0
0.0
0.0
0.0
0.0
0.0
0.0
0.0
0.145981
0.145981
0.145981
0.145981
0.145981
0.145981
0.145981
0.145981
0.145981
0.145981
0.145981
0.145981
0.145981
0.145981
0.145981
0.145981
0.145981
0.145981
0.145981
0.0
0.0
0.0
0.0
0.0
0.0
0.0
0.0
0.0
0.0
0.0
0.310023
0.310023
0.310023
0.310023
0.310023
0.310023
0.310023
0.310023
0.310023
0.310023
0.310023
0.310023
0.310023
0.310023
0.310023
0.278555
0.278555
0.0
0.0
0.0
0.0
0.0
0.0
0.0
0.0
0.0
0.0
0.0
0.0
0.0
0.0
0.0
0.0
0.0
0.0
0.0
0.0
0.0
0.0
0.0
0.0
0.0
0.0
0.176145
0.176145
0.176145
0.176145
0.176145
0.176145
0.176145
0.176145
0.0
0.0
0.0
0.0
0.0
0.0
0.0
0.0
0.0
0.0
0.0
0.0
0.0
0.0
0.0
0.0
0.0
0.0
0.0
0.0
0.0
0.0
0.0
0.0
0.196627
0.196627
0.196627
0.196627
0.196627
0.196627
0.196627
0.196627
0.196627
0.196627
0.196627
0.196627
0.196627
0.099245
0.099245
0.185455
0.099617
0.099617
0.0
0.0
0.0
0.0
0.0
0.0
0.0
0.214689
0.214689
0.214689
0.214689
0.214689
0.0
0.0
0.0
0.0
0.0
0.0
0.0
0.0
0.25677
0.25677
0.25677
0.242805
0.242805
0.242805
0.242805
0.242805
0.242805
0.242805
0.242805
0.242805
0.242805
0.242805
0.242805
0.242805
0.242805
0.242805
0.242805
0.242805
0.242805
0.242805
0.095148
0.095148
0.0
0.0
0.0
0.0
0.0
0.0
0.0
0.0
0.0
0.0
0.0
0.0
0.0
0.0
0.0
0.0
0.0
0.0
0.0
0.0
0.0
0.0
0.0
0.0
0.0
0.0
0.0
0.0
0.0
0.0
0.0
0.0
0.0
0.143002
0.0
0.0
0.0
0.0
0.0
0.0
0.0
0.0
0.0
0.0
0.0
0.0
0.0
0.0
0.0
0.0
0.0
0.0
0.0
0.0
0.0
0.0
0.0
0.0
0.0
0.0
0.0
0.248949
0.248949
0.248949
0.248949
0.0
0.0
0.0
0.0
0.0
0.0
0.108741
0.108741
0.108741
0.108741
0.108741
0.108741
0.108741
0.108741
0.194951
0.194951
0.194951
0.088631
0.088631
0.088631
0.088631
0.088631
0.088631
0.088631
0.088631
0.088631
0.088631
0.088631
0.088631
0.088631
0.088631
0.088631
0.088631
0.088631
0.088631
0.088631
0.176518
0.176518
0.176518
0.176518
0.176518
0.176518
0.176518
0.0
0.0
0.0
0.0
0.0
0.0
0.0
0.090866
0.090866
0.140209
0.0
0.0
0.0
0.0
0.0
0.0
0.0
0.0
0.0
0.0
0.0
0.0
0.0
0.0
0.0
0.188062
4.433
4.433
4.433
4.433
4.433
0.0
0.0
0.0
0.0
0.0
0.0
0.0
0.0
0.0
0.0
0.0
0.0
0.0
0.0
0.0
0.140767
0.0
0.0
0.0
0.0
0.0
0.0
0.0
0.0
0.0
0.0
0.0
0.0
0.0
0.0
0.0
0.0
0.0
0.0
0.0
0.0
0.0
0.0
0.0
0.0
0.0
0.0
0.0
0.0
0.0
0.0
0.0
0.0
0.0
0.0
0.0
0.0
0.0
0.0
0.0
0.0
0.0
0.0
0.0
0.0
0.0
0.0
0.0
0.0
0.0
0.0
0.170745
0.170745
0.170745
0.0
0.0
0.0
0.0
0.0
0.0
0.0
0.0
0.0
0.0
0.0
0.0
0.0
0.0
0.0
0.0
0.0
0.0
0.0
0.0
0.0
0.0
0.0
0.0
0.0
0.0
0.0
0.0
0.0
0.0
0.0
0.0
0.0
0.0
0.102782
0.102782
0.0
0.0
0.0
0.0
0.0
0.0
0.0
0.0
0.0
0.0
0.0
0.0
0.0
0.0
0.0
0.0
0.21022
0.21022
0.21022
0.21022
0.21022
0.21022
0.21022
0.21022
0.207427
0.207427
0.207427
0.207427
0.207427
0.207427
0.207427
0.207427
0.207427
0.207427
0.207427
0.0
0.0
0.0
0.0
0.0
0.0
0.0
0.0
0.0
0.0
0.0
0.0
0.0
0.0
0.0
0.0
0.0
0.0
0.0
0.0
0.211523
0.211523
0.211523
0.211523
0.211523
0.0
0.0
0.0
0.0
0.0
0.0
0.0
0.0
0.0
0.0
0.0
0.181917
0.181917
0.181917
0.181917
0.181917
0.181917
0.181917
0.0
0.0
0.0
0.0
0.0
0.0
0.0
0.0
0.0
0.0
0.0
0.0
0.0
0.0
0.0
0.0
0.0
0.0
0.0
0.0
0.0
0.0
0.0
0.0
0.0
0.0
0.0
0.0
0.0
0.0
0.0
0.0
0.0
0.0
0.0
0.0
0.0
0.0
0.0
0.0
0.0
0.0
0.0
0.0
0.0
0.0
0.0
0.0
0.0
0.0
0.0
0.0
0.0
0.0
0.0
0.0
0.0
0.0
0.0
0.0
0.0
0.0
0.0
0.0
0.0
0.0
0.0
0.0
0.0
0.0
0.0
0.0
0.0
0.0
0.0
0.0
0.0
0.0
0.0
0.0
0.0
0.0
0.0
0.0
0.0
0.0
0.0
0.0
0.0
0.0
0.0
0.0
0.0
0.0
0.0
0.0
0.0
0.0
0.0
0.0
0.0
0.0
0.0
0.0
0.0
0.0
0.0
0.0
0.0
0.0
0.0
0.0
0.0
0.0
0.0
0.0
0.0
0.0
0.0
0.0
0.0
0.0
0.0
0.0
0.0
0.0
0.169256
0.169256
0.0
0.0
0.938076
0.0
0.0
0.0
0.0
0.0
0.0
0.0
0.0
0.0
0.0
0.0
0.0
0.0
0.0
0.0
0.0
0.0
0.0
0.215433
0.215433
0.215433
0.215433
0.215433
0.215433
0.215433
0.0
0.0
0.0
0.0
0.0
0.0
0.0
0.0
0.0
0.0
0.0
0.0
0.0
0.0
0.0
0.0
0.0
0.0
0.0
0.0
0.0
0.087328
0.087328
0.087328
0.087328
0.087328
0.140767
0.140767
0.140767
0.140767
0.155291
0.155291
0.155291
0.0
0.0
0.0
0.0
0.0
0.0
0.0
0.0
0.0
0.0
0.0
0.0
0.0
0.0
0.0
0.0
0.0
0.0
0.0
0.0
0.0
0.0
0.0
0.0
0.0
0.101293
0.0
0.0
0.0
0.0
0.0
0.364021
0.364021
0.364021
0.364021
0.364021
0.364021
0.364021
0.364021
0.364021
0.364021
0.364021
0.364021
0.364021
0.364021
0.364021
0.364021
0.364021
0.364021
0.364021
0.157711
0.157711
0.157711
0.157711
0.0
0.0
0.0
0.0
0.0
0.164973
0.164973
0.164973
0.164973
0.164973
0.164973
0.164973
0.164973
0.164973
0.164973
0.164973
0.164973
0.164973
0.164973
0.0
0.0
0.0
0.0
0.0
0.0
0.0
0.214502
0.214502
0.0
0.0
0.0
0.0
0.0
0.0
0.0
0.0
0.0
0.0
0.0
0.0
0.0
0.0
0.0
0.0
0.0
0.0
0.0
0.0
0.0
0.0
0.0
0.0
0.0
0.0
0.0
0.0
0.0
0.0
0.0
0.0
0.0
0.0
0.0
0.0
0.0
0.0
0.0
0.0
0.148588
0.148588
0.148588
0.148588
0.148588
0.148588
0.148588
0.148588
0.148588
0.148588
0.148588
0.148588
0.148588
0.148588
0.148588
0.148588
0.148588
0.148588
0.148588
0.0
0.0
0.0
0.0
0.0
0.083976
0.083976
0.083976
0.0
0.0
0.0
0.0
0.0
0.327712
0.327712
0.327712
0.327712
0.327712
0.327712
0.327712
0.327712
0.0
0.0
0.0
0.0
0.0
0.0
0.0
0.0
0.0
0.0
0.0
0.0
0.0
0.0
0.0
0.0
0.0
0.0
0.0
0.0
0.0
0.091983
0.091983
0.091983
0.091983
0.091983
0.091983
0.091983
0.091983
0.0
0.0
0.0
0.0
0.0
0.0
0.0
0.0
0.0
0.0
0.0
0.0
0.0
0.0
0.0
0.0
0.0
0.0
0.0
0.0
0.0
0.0
0.0
0.0
0.0
0.0
0.0
0.0
0.192717
0.192717
0.192717
0.192717
0.533649
0.533649
0.533649
0.533649
0.533649
0.0
0.0
0.0
0.0
0.0
0.0
0.0
0.0
0.0
0.113582
0.113582
0.192903
0.192903
0.192903
0.192903
0.192903
0.192903
0.192903
0.192903
0.192903
0.0
0.0
0.0
0.0
0.0
0.0
0.0
0.0
0.0
0.0
0.0
0.0
0.0
0.0
0.0
0.0
0.0
0.0
0.0
0.102782
0.0
0.0
0.096452
0.096452
0.096452
0.096452
0.096452
0.096452
0.096452
0.096452
0.096452
0.096452
0.096452
0.096452
0.0
0.0
0.0
0.0
0.0
0.0
0.0
0.0
0.0
0.198675
0.198675
0.198675
0.0
0.0
0.0
0.123451
0.123451
0.123451
0.0
0.0
0.0
0.0
0.0
0.0
0.0
0.0
0.0
0.0
0.0
0.0
0.0
0.0
0.0
0.0
0.0
0.0
0.0
0.0
0.0
0.0
0.0
0.0
0.0
0.0
0.0
0.0
0.0
0.0
0.0
0.0
0.0
0.0
0.0
0.0
0.0
0.0
0.0
0.0
0.0
0.0
0.184338
0.0
0.0
0.0
0.0
0.0
0.0
0.103527
0.103527
0.103527
0.103527
0.0
0.0
0.0
0.0
0.0
0.0
0.0
0.0
0.0
0.0
0.0
0.0
0.0
0.0
0.0
0.0
0.0
0.0
0.0
0.0
0.0
0.0
0.0
0.0
0.0
0.0
0.0
0.0
0.0
0.0
0.0
0.084349
0.084349
0.084349
0.084349
0.084349
0.084349
0.084349
0.084349
0.084349
0.084349
0.084349
0.084349
0.084349
0.084349
0.084349
0.084349
0.084349
0.084349
0.084349
0.084349
0.084349
0.0
0.0
0.0
0.0
0.0
0.0
0.0
0.207613
0.207613
0.207613
0.207613
0.207613
0.207613
0.207241
0.0
0.0
0.0
0.0
0.0
0.0
0.0
0.0
0.0
0.0
0.0
0.0
0.0
0.0
0.0
0.0
0.0
0.0
0.0
0.0
0.0
0.0
0.0
0.0
0.0
0.0
0.0
0.0
0.173911
0.173911
0.173911
0.173911
0.173911
0.173911
0.173911
0.173911
0.173911
0.173911
0.0
0.0
0.0
0.0
0.0
0.0
0.0
0.102969
0.102969
0.0
0.0
0.0
0.0
0.0
0.0
0.0
0.0
0.0
0.107251
0.107251
0.107251
0.107251
0.107251
0.107251
0.107251
0.107251
0.107251
0.107251
0.107251
0.107251
0.107251
0.125313
0.125313
0.125313
0.125313
0.0
0.0
0.0
0.0
0.0
0.0
0.0
0.0
0.0
0.0
0.0
0.0
0.0
0.0
0.0
0.0
0.0
0.0
0.0
0.0
0.155663
0.155663
0.155663
0.155663
0.155663
0.155663
0.155663
0.155663
0.155663
0.155663
0.156408
0.156408
0.156408
0.156408
0.156408
0.156408
0.156408
0.156408
0.092169
0.092169
0.092169
0.156408
0.156408
0.156408
0.156408
0.156408
0.156408
0.0
0.0
0.0
0.0
0.0
0.0
0.0
0.0
0.0
0.0
0.0
0.100548
0.437384
0.437384
0.437384
0.437384
0.437384
0.437384
0.437384
0.437384
0.437384
0.437384
0.437384
0.437384
0.437384
0.437384
0.0
0.0
0.0
0.0
0.0
0.0
0.0
0.0
0.0
0.0
0.0
0.0
0.0
0.0
0.0
0.0
0.0
0.0
0.0
0.0
0.0
0.0
0.0
0.0
0.0
0.0
0.0
0.0
0.0
0.0
0.0
0.0
0.0
0.246343
0.246343
0.246343
0.0
0.0
0.0
0.0
0.0
0.0
0.0
0.0
0.0
0.0
0.0
0.0
0.0
0.0
0.0
0.0
0.0
0.0
0.0
0.0
0.0
0.0
0.0
0.0
0.0
0.0
0.0
0.0
0.0
0.0
0.0
0.0
0.0
0.0
0.0
0.0
0.0
0.0
0.0
0.0
0.0
0.0
0.0
0.0
0.0
0.0
0.0
0.0
0.0
0.0
0.0
0.0
0.0
0.0
0.0
0.0
0.184338
0.184338
0.184338
0.0
0.0
0.0
0.0
0.0
0.0
0.0
0.0
0.0
0.0
0.0
0.0
0.0
0.0
0.0
0.0
0.0
0.0
0.0
0.287679
0.287679
0.287679
0.287679
0.287679
0.172607
0.172607
0.172607
0.172607
0.172607
0.172607
0.172607
0.172607
0.172607
0.172607
0.172607
0.172607
0.172607
0.172607
0.0
0.0
0.0
0.0
0.0
0.0
0.0
0.0
0.0
0.0
0.0
0.0
0.0
0.0
0.0
0.0
0.0
0.0
0.0
0.0
0.0
0.0
0.0
0.0
0.0
0.0
0.0
0.0
0.0
0.0
0.0
0.0
0.123451
0.123451
0.123451
0.253046
0.253046
0.253046
0.253046
0.253046
0.253046
0.253046
0.253046
0.253046
0.253046
0.253046
0.253046
0.253046
0.0
0.0
0.0
0.0
0.0
0.0
0.0
0.0
0.0
0.0
0.170932
0.170932
0.170932
0.170932
0.170932
0.170932
0.170932
0.170932
0.0
0.0
0.0
0.0
0.0
0.0
0.231819
0.231819
0.231819
0.231819
0.231819
0.231819
0.231819
0.231819
0.0
0.0
0.0
0.0
0.0
0.0
0.0
0.0
0.0
0.0
0.0
0.0
0.0
0.0
0.0
0.0
0.0
0.0
0.0
0.0
0.0
0.0
0.0
0.0
0.0
0.0
0.0
0.0
0.0
0.0
0.0
0.0
0.0
0.0
0.0
0.0
0.0
0.0
0.0
0.0
0.0
0.0
0.0
0.0
0.0
0.0
0.0
0.0
0.0
0.0
0.0
0.0
0.0
0.0
0.0
0.0
0.0
0.0
0.0
0.0
0.0
0.0
0.0
0.0
0.183593
0.183593
0.183593
0.183593
0.183593
0.183593
0.183593
0.183593
0.183593
0.0
0.0
0.0
0.0
0.190855
0.190855
0.190855
0.190855
0.190855
0.190855
0.190855
0.190855
0.190855
0.190855
0.190855
0.190855
0.190855
0.190855
0.190855
0.190855
0.144864
0.144864
0.144864
0.144864
0.144864
0.144864
0.144864
0.144864
0.144864
0.144864
0.144864
0.144864
0.144864
0.112465
0.112465
0.112465
0.112465
0.112465
0.112465
0.112465
0.112465
0.112465
0.112465
0.112465
0.0
0.0
0.0
0.0
0.0
0.0
0.0
0.0
0.0
0.0
0.168139
0.168139
0.168139
0.168139
0.168139
0.0
0.0
0.0
0.0
0.0
0.0
0.0
0.0
0.0
0.0
0.0
0.0
0.0
0.0
0.0
0.0
0.0
0.0
0.0
0.0
0.0
0.0
0.0
0.0
0.0
0.0
0.0
0.0
0.0
0.0
0.0
0.0
0.0
0.0
0.0
0.0
0.0
0.0
0.0
0.0
0.0
0.0
0.0
0.0
0.0
0.0
0.0
0.0
0.0
0.0
0.0
0.0
0.0
0.0
0.18769
0.0
0.0
0.0
0.0
0.0
0.182476
0.182476
0.182476
0.182476
0.182476
0.182476
0.134064
0.134064
0.109858
0.109858
0.109858
0.109858
0.109858
0.0
0.0
0.181173
0.181173
0.181173
0.181173
0.181173
0.181173
0.0
0.0
0.0
0.0
0.0
0.0
0.0
0.0
0.0
0.0
0.0
0.0
0.0
0.0
0.0
0.0
0.0
0.0
0.0
0.0
0.0
0.0
0.0
0.0
0.0
0.0
0.0
0.0
0.0
0.0
0.0
0.0
0.0
0.0
0.0
0.0
0.0
0.0
0.0
0.0
0.0
0.0
0.0
0.0
0.0
0.0
0.0
0.0
0.089376
0.089376
0.0
0.0
0.0
0.0
0.0
0.0
0.0
0.0
0.0
0.0
0.0
0.0
0.0
0.085466
0.085466
0.085466
0.085466
0.0
0.0
0.199048
0.199048
0.285817
0.285817
0.285817
0.337208
0.337208
0.337208
0.337208
0.337208
0.337208
0.337208
0.337208
0.337208
0.098872
0.098872
0.098872
0.098872
0.098872
0.408709
0.0
0.0
0.0
0.0
0.0
0.0
0.0
0.0
0.195324
0.195324
0.195324
0.117865
0.117865
0.117865
0.117865
0.117865
0.117865
0.117865
0.117865
0.117865
0.209847
0.209847
0.209847
0.209847
0.209847
0.209847
0.0
0.0
0.0
0.0
0.0
0.0
0.0
0.0
0.0
0.0
0.0
0.194951
0.194951
0.194951
0.194951
0.194951
0.194951
0.0
0.0
0.0
0.0
0.0
0.0
0.0
0.0
0.0
0.0
0.0
0.0
0.0
0.0
0.0
0.0
0.0
0.0
0.0
0.0
0.0
0.0
0.0
0.0
0.0
0.0
0.0
0.0
0.0
0.0
0.0
0.0
0.0
0.0
0.0
0.129223
0.129223
0.129223
0.0
0.0
0.086769
0.086769
0.086769
0.086769
0.086769
0.086769
0.086769
0.086769
0.095334
0.095334
0.095334
0.095334
0.095334
0.095334
0.095334
0.095334
0.122147
0.122147
0.122147
0.122147
0.122147
0.122147
0.122147
0.122147
0.122147
0.122147
0.122147
0.122147
0.0
0.0
0.0
0.0
0.0
0.0
0.0
0.0
0.0
0.0
0.0
0.0
0.0
0.0
0.0
0.0
0.0
0.0
0.0
0.0
0.0
0.155477
0.155477
0.155477
0.155477
0.155477
0.155477
0.155477
0.154918
0.154918
0.0
0.0
0.297361
0.297361
0.297361
0.297361
0.297361
0.0
0.0
0.0
0.0
0.0
0.0
0.0
0.0
0.0
0.0
0.0
0.0
0.0
0.0
0.0
0.0
0.218785
0.218785
0.218785
0.218785
0.218785
0.218785
0.218785
0.218785
0.218785
0.218785
0.218785
0.218785
0.218785
0.218785
0.218785
0.0
0.0
0.0
0.0
0.0
0.0
0.0
0.0
0.17149
0.17149
0.17149
0.0
0.0
0.0
0.0
0.0
0.130712
0.0
0.0
0.0
0.093659
0.093659
0.093659
0.093659
0.093659
0.093659
0.199234
0.0
0.0
0.0
0.151381
0.151381
0.151381
0.151381
0.151381
0.151381
0.0
0.0
0.0
0.0
0.0
0.0
0.0
0.0
0.0
0.0
0.0
0.0
0.0
0.0
0.0
0.195696
0.195696
0.127175
0.127175
0.127175
0.127175
0.127175
0.127175
0.127175
0.127175
0.451907
0.451907
0.0
0.0
0.0
0.0
0.0
0.0
0.0
0.0
0.0
0.0
0.0
0.0
0.0
0.0
0.0
0.0
0.0
0.0
0.0
0.0
0.0
0.0
0.0
0.0
0.175587
0.175587
0.175587
0.175587
0.0
0.0
0.0
0.0
0.0
0.0
0.286003
0.286003
0.286003
0.286003
0.286003
0.286003
0.286003
0.286003
0.286003
0.286003
0.0
0.0
0.0
0.0
0.0
0.0
0.0
0.0
0.0
0.0
0.0
0.0
0.0
0.0
0.0
0.0
0.0
0.0
0.0
0.0
0.0
0.0
0.0
0.0
0.0
0.0
0.0
0.0
0.0
0.104458
0.104458
0.104458
0.104458
0.104458
0.104458
0.104458
0.104458
0.104458
0.104458
0.104458
0.104458
0.104458
0.104458
0.104458
0.104458
0.104458
0.104458
0.104458
0.0
0.0
0.0
0.0
0.0
0.0
0.0
0.0
0.0
0.0
0.0
0.0
0.0
0.0
0.0
0.0
0.0
0.922062
0.922062
0.922062
0.922062
0.189179
0.189179
0.189179
0.189179
0.189179
0.189179
0.189179
0.189179
0.189179
0.189179
0.189179
0.189179
0.189179
0.189179
0.189179
0.189179
0.189179
0.189179
0.189179
0.189179
0.189179
0.0
0.0
0.0
0.0
0.0
0.0
0.0
0.0
0.0
0.0
0.0
0.0
0.0
0.0
0.0
0.0
0.088817
0.088817
0.088817
0.088817
0.088817
0.088817
0.106134
0.268873
0.268873
0.268873
0.268873
0.0
0.0
0.0
0.0
0.0
0.0
0.0
0.0
0.0
0.0
0.0
0.0
0.0
0.0
0.207054
0.207054
1.004
0.0
0.0
0.0
0.0
0.244853
0.244853
0.244853
0.244853
0.0
0.0
0.0
0.0
0.0
0.0
0.0
0.0
0.0
0.31654
0.31654
0.31654
0.31654
0.097196
0.097196
0.097196
0.0
0.0
0.0
0.0
0.0
0.0
0.0
0.0
0.0
0.0
0.0
0.0
0.0
0.0
0.0
0.0
0.102969
0.102969
0.102969
0.102969
0.0
0.174656
0.174656
0.174656
0.0
0.0
0.0
0.0
0.0
0.0
0.0
0.0
0.0
0.0
0.0
0.0
0.0
0.0
0.0
0.0
0.0
0.0
0.0
0.0
0.0
0.0
0.0
0.0
0.0
0.0
0.0
0.0
0.0
0.0
0.0
0.0
0.0
0.0
0.0
0.0
0.0
0.0
0.0
0.0
0.0
0.0
0.0
0.0
0.0
0.0
0.0
0.0
0.0
0.0
0.0
0.0
0.0
0.0
0.0
0.0
0.0
0.0
0.0
0.096824
0.096824
0.096824
0.096824
0.096824
0.096824
0.096824
0.096824
0.096824
0.0
0.0
0.0
0.0
0.0
0.0
0.0
0.0
0.0
0.0
0.0
0.164601
0.164601
0.0
0.0
0.0
0.0
0.0
0.0
0.0
0.0
0.0
0.0
0.0
0.0
0.0
0.0
0.0
0.0
0.0
0.0
0.0
0.0
0.0
0.0
0.0
0.0
0.0
0.0
0.0
0.0
0.0
0.0
0.0
0.0
0.0
0.0
0.0
0.0
0.0
0.0
0.0
0.0
0.0
0.0
0.0
0.0
0.0
0.0
0.0
0.0
0.0
0.0
0.0
0.0
0.0
0.0
0.0
0.0
0.0
0.188248
0.188248
0.188248
0.188248
0.188248
0.188248
0.188248
0.188248
0.188248
0.188248
0.188248
0.188248
0.188248
0.188248
0.102782
0.102782
0.102782
0.102782
0.102782
0.102782
0.102782
0.0
0.0
0.0
0.0
0.0
0.0
0.0
0.0
0.0
0.0
0.0
0.0
0.0
0.108368
0.108368
0.108368
0.0
0.0
0.0
0.18471
0.18471
0.18471
0.18471
0.0
0.0
0.0
0.0
0.0
0.0
0.0
0.0
0.0
0.165718
0.165718
0.165718
0.165718
0.165718
0.165718
0.165718
0.165718
0.165718
0.165718
0.165718
0.165718
0.0
0.0
0.0
0.0
0.0
0.0
0.0
0.0
0.0
0.0
0.0
0.0
0.0
0.0
0.0
0.0
0.0
0.0
0.0
0.0
0.0
0.0
0.0
0.0
0.0
0.0
0.0
0.0
0.0
0.0
0.0
0.0
0.0
0.0
0.0
0.093472
0.0
0.0
0.0
0.0
0.0
0.0
0.170187
0.170187
0.170187
0.170187
0.170187
0.170187
0.170187
0.170187
0.0
0.0
0.0
0.0
0.0
0.0
0.0
0.0
0.0
0.205379
0.205379
0.205379
0.205379
0.205379
0.0
0.0
0.0
0.0
0.0
0.0
0.0
0.0
0.0
0.0
0.0
0.0
0.0
0.0
0.0
0.0
0.0
0.0
0.0
0.0
0.0
0.0
0.0
0.0
0.414667
0.414667
1.053
1.053
1.053
1.053
1.053
0.0
0.0
0.0
0.0
0.0
0.190669
0.190669
0.190669
0.0
0.503299
0.503299
0.503299
0.503299
0.503299
0.503299
0.149705
0.187317
0.187317
0.187317
0.125685
0.125685
0.125685
0.125685
0.125685
0.101665
0.101665
0.101665
0.0
0.0
0.0
0.0
0.0
0.0
0.0
0.0
0.0
0.0
0.0
0.0
0.0
0.174656
0.174656
0.174656
0.174656
0.174656
0.174656
0.174656
0.174656
0.174656
0.174656
0.174656
0.115816
0.115816
0.0
0.0
0.0
0.0
0.0
0.0
0.0
0.0
0.0
0.12103
0.12103
0.12103
0.12103
0.12103
0.12103
0.12103
0.12103
0.0
0.0
0.0
0.0
0.0
0.0
0.0
0.0
0.0
0.0
0.0
0.0
0.0
0.0
0.0
0.0
0.0
0.0
0.0
0.0
0.0
0.0
0.0
0.0
0.0
0.0
0.0
0.0
0.0
0.0
0.0
0.312257
0.312257
0.312257
0.230143
0.230143
0.230143
0.230143
0.230143
0.230143
0.230143
0.230143
0.230143
0.230143
0.230143
0.230143
0.230143
0.230143
0.230143
0.230143
0.230143
0.230143
0.230143
0.0
0.0
0.0
0.0
0.0
0.0
0.0
0.0
0.0
0.0
0.0
0.0
0.0
0.0
0.0
0.0
0.0
0.0
0.0
0.0
0.0
0.0
0.0
0.0
0.0
0.0
0.0
0.0
0.0
0.0
0.0
0.0
0.0
0.0
0.0
0.0
0.0
0.0
0.0
0.0
0.0
0.0
0.0
0.0
0.0
0.0
0.0
0.0
0.0
0.0
0.0
0.0
0.0
0.0
0.0
0.0
0.0
0.0
0.0
0.0
0.53607
0.53607
0.53607
0.53607
0.53607
0.0
0.0
0.0
0.0
0.0
0.0
0.0
0.0
0.0
0.0
0.0
0.0
0.0
0.0
0.0
0.0
0.0
0.0
0.0
0.0
0.0
0.0
0.0
0.0
0.0
0.0
0.0
0.0
0.0
0.0
0.0
0.0
0.0
0.168511
0.168511
0.168511
0.168511
0.168511
0.105575
0.184338
0.184338
0.184338
0.184338
0.184338
0.184338
0.184338
0.184338
0.184338
0.184338
0.184338
0.0
0.0
0.0
0.0
0.0
0.0
0.0
0.0
0.0
0.0
0.0
0.0
0.0
0.0
0.268128
0.268128
0.268128
0.268128
0.268128
0.268128
0.268128
0.268128
0.0
0.0
0.0
0.0
0.0
0.135554
0.135554
0.135554
0.135554
0.135554
0.135554
0.144864
0.144864
0.144864
0.144864
0.144864
0.144864
0.144864
0.144864
0.144864
0.144864
0.144864
0.144864
0.144864
0.144864
0.144864
0.144864
0.144864
0.144864
0.144864
0.144864
0.144864
0.144864
0.10092
0.10092
0.10092
0.10092
0.10092
0.10092
0.10092
0.10092
0.10092
0.10092
0.10092
0.10092
0.10092
0.10092
0.10092
0.10092
0.10092
0.10092
0.103341
0.103341
0.103341
0.103341
0.103341
0.103341
0.103341
0.103341
0.103341
0.103341
0.103341
0.103341
0.103341
0.0
0.110789
0.110789
0.110789
0.187317
0.187317
0.187317
0.187317
0.187317
0.187317
0.187317
0.187317
0.187317
0.187317
0.187317
0.187317
0.187317
0.187317
0.187317
0.187317
0.187317
0.187317
0.187317
0.187317
0.187317
0.187317
0.187317
0.187317
0.187317
0.187317
0.187317
0.13574
0.13574
0.102596
0.102596
0.102596
0.102596
0.102596
0.102596
0.102596
0.102596
0.102596
0.102596
0.102596
0.102596
0.102596
0.102596
0.102596
0.102596
0.102596
0.102596
0.102596
0.0
0.0
0.0
0.0
0.0
0.0
0.0
0.0
0.0
0.0
0.0
0.0
0.0
0.0
0.0
0.118423
0.102038
0.102038
0.102038
0.102038
0.102038
0.102038
0.102038
0.102038
0.102038
0.102038
0.102038
0.116375
0.116375
0.116375
0.116375
0.116375
0.116375
0.116375
0.116375
0.116375
0.116375
0.116375
0.0985
0.0985
0.0985
0.0985
0.0985
0.0985
0.0985
0.0985
0.0985
0.0985
0.0985
0.0985
0.131457
0.131457
0.131457
0.131457
0.131457
0.131457
0.0
0.0
0.0
0.0
0.0
0.0
0.0
0.0
0.0
0.0
0.0
0.0
0.0
0.0
0.0
0.0
0.0
0.0
0.0
0.0
0.0
0.0
0.0
0.0
0.0
0.0
0.0
0.0
0.0
0.0
0.0
0.0
0.0
0.0
0.0
0.0
0.0
0.0
0.0
0.0
0.0
0.0
0.0
0.0
0.0
0.0
0.0
0.0
0.0
0.0
0.0
0.0
0.0
0.0
0.0
0.0
0.0
0.0
0.0
0.0
0.0
0.0
0.0
0.0
0.0
0.0
0.0
0.0
0.0
0.0
0.0
0.0
0.0
0.0
0.0
0.0
0.0
0.0
0.0
0.0
0.0
0.0
0.0
0.0
0.0
0.0
0.0
0.0
0.0
0.0
0.0
0.0
0.0
0.0
0.0
0.0
0.0
0.0
0.0
0.0
0.0
0.0
0.0
0.105575
0.105575
0.105575
0.105575
0.105575
0.105575
0.105575
0.105575
0.105575
0.105575
0.105575
0.105575
0.105575
0.105575
0.105575
0.105575
0.105575
0.105575
0.105575
0.105575
0.105575
0.105575
0.105575
0.105575
0.105575
0.105575
0.105575
0.105575
0.105575
0.105575
0.105575
0.105575
0.105575
0.105575
0.105575
0.105575
0.105575
0.105575
0.105575
0.105575
0.105575
0.105575
0.105575
0.105575
0.105575
0.105575
0.105575
0.105575
0.563441
0.563441
0.563441
0.563441
0.224557
0.224557
0.224557
0.224557
0.224557
0.224557
0.224557
0.224557
0.224557
0.224557
0.224557
0.224557
0.547242
0.547242
0.547242
0.547242
0.547242
0.547242
0.547242
0.547242
0.0
0.0
0.0
0.0
0.0
0.0
0.0
0.0
0.0
0.0
0.0
0.203889
0.0
0.0
0.0
0.0
0.0
0.0
0.0
0.0
0.0
0.0
0.0
0.0
0.114885
0.0
0.0
0.0
0.0
0.0
0.0
0.0
0.0
0.0
0.0
1.217
1.217
0.0
0.0
0.0
0.0
0.0
0.0
0.0
0.0
0.0
0.26459
0.0
0.0
0.235357
0.235357
0.235357
0.235357
0.235357
0.235357
0.235357
0.235357
0.0
0.0
0.0
0.0
0.0
0.0
0.0
0.0
0.135181
0.135181
0.109486
0.109486
0.0
0.0
0.120471
0.120471
0.120471
0.120471
0.120471
0.120471
0.120471
0.120471
0.120471
0.0
0.0
0.0
0.0
0.0
0.0
0.0
0.0
0.0
0.0
0.0
0.23424
0.23424
0.23424
0.23424
0.23424
0.23424
0.23424
0.23424
0.23424
0.23424
0.23424
0.23424
0.23424
0.23424
0.23424
0.23424
0.23424
0.23424
0.23424
0.127733
0.0
0.112837
0.112837
0.112837
0.112837
0.112837
0.112837
0.112837
0.112837
0.112837
0.112837
0.112837
0.112837
0.0
0.150822
0.150822
0.150822
0.150822
0.0
0.0
0.0
0.0
0.0
0.0
0.22884
0.22884
0.22884
0.22884
0.22884
0.22884
0.22884
0.22884
0.22884
0.22884
0.22884
0.295127
0.295127
0.295127
0.245412
0.100548
0.100548
0.100548
0.100548
0.100548
0.233309
0.233309
0.233309
0.132761
0.104086
0.107624
0.107624
0.107624
0.107624
0.107624
0.095521
0.095521
0.095521
0.095521
0.095521
0.095521
0.095521
0.0
0.0
0.152684
0.152684
0.152684
